0000378500036101000000000000000000000000000000000000000000
0100379050036155000000000000000000000000000000000000000000
0200379330036172000000000000000000000000000000000000000000
0300379180036144000000000000000000000000000000000000000000
0400378370036054000000000000000000000000000000000000000000
0500376970035910000000000000000000000000000000000000000000
0600374480035658000000000000000000000000000000000000000000
0700370570035277000000000000000000000000000000000000000000
0800365580034788000000000000000000000000000000000000000000
0900359440034190000000000000000000000000000000000000000000
1000354850033749000000000000000000000000000000000000000000
1100352450033512000000000000000000000000000000000000000000
1200349870033269000000000000000000000000000000000000000000
1300347090033000003386010157010157010157000000000000000000
1400343740032686003353010059010059010059010059010059010059
1500347700033065003392010175010175010175010175010175010175
1600360090034242003513010538010538010538010538010538010538
1700374130035586003650010950010950010950010950010950010950
1800375920035764003668011003011003011003011003011003011003
1900371870035375003628010884010884010884010884010884010884
2012322601182132120720362159362159362159362159362159362159
5003035570299368030146090439090439090439090439090439090439
6004274770465934044671134012134012134012134012134012134012